%%%== Radar locations
%- TRACER
lat_CSAPR2 =  29.5316537; lon_CSAPR2 = -95.2838683;
lat_LaPorte = 29.669131; lon_LaPorte = -95.064293;
lat_CSU = 29.669977; lon_CSU = -95.058144;
%- RAMS CRSIM
lon_rad1=-95.0817794799805; lat_rad1=29.469654083252;
lon_rad2=-95.5976901134242; lat_rad2=29.469654083252 ;
lon_rad3=-95.6035927574475; lat_rad3=29.7851018570557;
%- SEUS
lat_UAH = 34.6461;       lon_UAH = -86.7715;
lat_KHTX = 34.9306;      lon_KHTX = -86.0836;
lat_KGWX = 33.8969;      lon_KGWX = -88.3292;
lat_KBMX = 33.1724;      lon_KBMX = -86.7702;
lat_KMXX = 32.53665;     lon_KMXX = -85.78974;
lat_KHGX = 29.47194;     lon_KHGX = -95.07888;
lat_Huntsville = 34.73036;            lon_Huntsville = -86.5861;
lat_Fayetteville = 35.15202;          lon_Fayetteville = -86.57055;
lat_CourlandAirport=34.65944;         lon_CourlandAirport=-87.34889;
lat_BlackWarriorWorkCenter=34.344426; lon_BlackWarriorWorkCenter=-87.338489;
lat_Supplemental=34.54773;            lon_Supplemental=-87.17496;
lat_NEONMAYF=32.95966; lon_NEONMAYF=-87.40813;
lat_Whitsitt=32.60128; lon_Whitsitt=-87.59295;
lat_RSA=34.6029; lon_RSA=-86.6312;
lat_SWIRLL=34.7244; lon_SWIRLL=-86.6464;
lat_Cullman=34.26789; lon_Cullman=-86.86048;
lat_SEUSCSAPR2=34.6309; lon_SEUSCSAPR2=-87.1341;
lat_SACRsup=34.4484; lon_SACRsup=-87.2190;

